"PLOT"	"X5_min"	"X10_min"	"X15_min"	"total"	"year"	"julian_date"	"altitude"	"PROPNATFOR"
1	2	2	2	3	2005	354	210	0
4	1	3	3	3	2005	354	231	0
5	3	4	4	4	2005	354	233	0
8	3	5	5	5	2005	320	214	0
9	1	2	1	2	2005	326	184	0
10	3	4	2	5	2005	326	184	0
11	2	1	2	2	2005	326	206	0
12	5	5	5	6	2005	320	205	0
13	3	4	2	4	2005	326	188	0
14	4	4	3	4	2005	320	205	0
15	4	3	3	5	2005	320	207	0
16	3	3	2	3	2005	320	194	0
17	1	3	3	4	2005	320	195	0
18	2	4	4	4	2005	326	194	0
19	2	2	1	3	2005	320	204	0
20	3	2	3	3	2005	326	200	0
21	1	3	3	3	2005	326	180	0
51	0	1	0	1	2005	331	442	0.626929562848618
52	2	1	1	2	2005	331	458	0.55842997323818
53	3	1	3	4	2005	331	487	0.739979312128265
54	4	1	1	4	2005	331	459	0.5947879407256
57	2	2	2	2	2005	331	486	0.4341996129389
58	1	0	0	1	2005	331	393	0
59	2	3	3	3	2005	331	443	0
60	5	4	3	6	2005	331	452	0
61	3	2	1	3	2005	331	419	0
73	3	2	1	3	2005	349	114	0
74	2	1	3	4	2005	349	109	0.101999235960779
75	5	5	3	5	2005	349	207	0
76	2	3	2	3	2005	349	170	0
77	2	2	3	3	2005	349	293	0
78	1	2	2	2	2005	349	161	0
79	1	2	3	3	2005	328	434	0.0925655976676385
81	2	2	2	2	2005	349	229	0
82	0	0	0	2	2005	305	686	1
85	1	3	0	3	2005	339	371	1
87	2	2	2	2	2005	339	326	1
88	2	2	2	2	2005	339	216	0
89	0	0	0	3	2005	305	349	1
90	0	1	0	1	2005	339	201	0.95
91	3	2	1	3	2005	326	494	1
92	1	2	3	3	2005	326	410	1
95	1	2	2	2	2005	326	413	1
96	3	2	5	5	2005	326	354	1
97	2	2	0	4	2005	326	236	1
98	3	2	3	4	2005	326	213	1
99	1	1	1	1	2005	353	679	0.887000662105496
100	1	1	1	1	2005	353	710	0.984974572353213
101	1	3	0	3	2005	342	430	0.0759182418933456
102	1	1	0	1	2005	342	432	0.114679699773084
104	2	2	1	2	2005	342	363	0.13255033557047
105	3	2	3	3	2005	342	283	0.229489051094891
106	1	0	1	1	2005	342	206	0.0394448502556611
107	0	1	1	1	2005	342	368	0.0886017535763729
112	2	2	3	3	2005	352	109	0.158576051779935
113	0	1	1	1	2005	352	200	0.533240997229917
114	2	2	0	2	2005	352	144	0.0452453987730061
115	1	0	0	1	2005	352	199	0.0124633431085044
116	4	4	4	4	2005	352	196	0.00185313875376419
117	0	2	2	2	2005	352	236	0.192260442260442
119	1	1	1	1	2005	333	186	0.540425531914894
120	1	1	2	2	2005	333	261	1
121	2	3	0	3	2005	333	132	0.475806451612903
122	0	0	1	1	2005	333	197	0
131	3	1	2	4	2005	342	90	0.0316091954022989
132	1	1	1	1	2005	342	160	0.0577464788732394
133	0	3	2	3	2005	341	94	0.0548754748839173
134	1	2	1	3	2005	341	207	0.0372030479605558
135	1	3	2	3	2005	341	369	1
136	2	2	2	3	2005	342	62	0.242462845010616
137	1	0	0	1	2005	341	513	1
138	2	1	0	2	2005	341	187	0.0170132325141777
139	3	3	3	3	2005	354	209	0
140	2	2	2	2	2005	354	205	0
141	1	0	0	1	2005	328	281	0.0439262472885033
142	0	2	1	2	2005	328	406	0.286538035041029
143	0	0	2	2	2005	328	204	0
144	1	2	0	2	2005	319	420	1
145	2	1	2	3	2005	318	322	0.996565389696169
146	3	3	2	3	2005	319	261	1
147	3	2	0	3	2005	319	312	0.921579743008314
149	4	1	0	4	2005	319	384	1
150	2	1	1	2	2005	319	446	0.994843588862152
151	2	1	1	3	2005	319	358	1
152	2	3	0	3	2005	319	344	0.871165644171779
153	3	3	3	3	2005	331	489	0
154	4	4	0	4	2005	331	500	0
155	0	2	0	2	2005	331	673	0
156	1	0	1	2	2005	331	701	0
157	2	2	0	2	2005	331	730	0
158	2	2	2	3	2005	331	481	0.0382910116888352
159	3	2	2	3	2005	331	424	0.606286959228136
161	1	2	1	2	2005	331	558	0.376554681915654
162	1	2	0	2	2005	331	576	0.191597796143251
163	3	3	5	5	2005	331	440	0.565948770230661
164	0	1	3	3	2005	331	400	0.195400217312568
165	1	1	1	1	2005	331	553	0.870273254209219
166	1	1	1	1	2005	331	460	0.653011113982941
167	0	1	0	1	2005	331	759	0
168	0	0	1	1	2005	331	713	1
170	2	2	2	2	2005	331	711	0
171	1	0	0	1	2005	331	382	0.00549882168106834
190	4	3	1	4	2005	339	200	0.00328947368421053
191	0	0	0	3	2005	305	159	0.274857504749842
193	0	0	0	1	2005	305	692	1
194	0	1	1	2	2005	339	277	1
195	1	2	1	2	2005	339	146	0.542274052478134
196	0	3	3	3	2005	339	390	1
218	2	2	2	2	2005	354	203	0
219	0	1	1	1	2005	354	221	0
223	4	3	3	4	2005	354	165	0
224	2	2	2	2	2005	354	154	0
226	2	3	3	3	2005	332	110	0
227	1	1	1	3	2005	332	113	0
228	1	1	0	1	2005	332	116	0.215489062107116
229	3	2	3	8	2005	332	104	0
230	1	1	1	3	2005	332	77	0
231	3	5	6	6	2005	332	98	0
233	4	3	3	4	2005	332	72	0
235	1	0	2	3	2005	326	459	1
236	2	1	2	2	2005	326	463	1
237	1	1	1	1	2005	353	748	1
240	1	2	2	2	2005	352	243	0.555407209612817
241	1	2	1	3	2005	333	113	1
243	1	1	2	2	2005	333	145	0.811594202898551
251	1	1	2	2	2005	341	335	0.908446163765313
252	0	2	1	2	2005	341	60	0.156670403587444
253	1	2	3	3	2005	341	178	0.449425287356322
254	1	2	0	2	2005	341	343	1
255	4	3	3	4	2005	342	227	0.0036101083032491
256	0	1	0	1	2005	342	203	0.043557168784029
257	2	2	2	2	2005	342	103	0.0787556053811659
261	2	1	0	2	2005	335	142	0.281698564593301
262	1	0	1	1	2005	335	360	0.930365296803653
265	2	2	1	2	2005	335	634	0.657811260904044
266	1	2	2	2	2005	335	427	0.30241935483871
268	1	1	0	1	2005	334	98	1
270	1	1	0	1	2005	334	275	1
271	0	1	0	1	2005	334	518	1
272	1	0	0	1	2005	334	397	1
275	2	1	1	2	2005	335	260	0.75765306122449
276	2	2	2	3	2005	335	218	0.170532060027285
280	3	2	3	3	2005	332	151	0
282	3	2	4	4	2005	332	130	0
283	3	3	3	3	2005	332	132	0
284	6	7	5	8	2005	332	141	0
285	5	2	3	5	2005	332	146	0
286	2	2	2	3	2005	332	88	0
287	3	4	2	4	2005	332	85	0
288	2	2	3	3	2005	332	99	0
289	1	2	1	2	2005	349	177	0
290	0	1	1	2	2005	349	187	0
291	1	1	1	1	2005	349	115	0
292	1	1	1	2	2005	349	39	0
293	3	3	3	3	2005	349	263	0
294	2	3	3	3	2005	349	328	0
295	2	2	0	2	2005	349	236	0
296	4	3	4	4	2005	349	106	0
297	2	1	1	2	2005	349	185	0
298	1	1	1	1	2005	349	161	0
299	2	2	1	2	2005	349	37	0
300	4	4	4	4	2005	326	223	0
301	4	5	3	5	2005	331	477	0.723038242688898
308	4	2	0	4	2005	318	215	0.898884758364312
309	3	3	2	3	2005	318	293	0.163454410674574
310	2	0	1	3	2005	318	305	0.224137931034483
311	1	1	0	2	2005	318	317	0.393139841688654
312	2	1	2	3	2005	318	318	0.823275862068966
317	2	2	1	3	2005	318	397	0.824988723500226
318	4	2	0	4	2005	318	177	0.26219512195122
321	3	3	3	3	2005	326	187	0
322	3	3	3	3	2005	326	190	0
323	2	3	3	4	2005	325	297	0.0284181528200667
327	1	0	1	2	2005	325	556	0.125946848119142
329	2	1	1	3	2005	325	494	0.168386192841676
331	1	2	1	3	2005	321	372	0.0486958756263652
333	1	0	1	2	2005	321	404	0.0308201732042792
335	0	0	1	1	2005	325	328	0
337	1	2	0	3	2005	325	252	0
340	0	0	3	3	2005	325	348	0
342	2	1	2	2	2005	321	947	0.632915360501567
346	2	2	2	2	2005	325	504	0.632336091661362
348	0	1	1	1	2005	325	393	0.622181912412542
350	1	1	1	3	2005	325	613	0.889861316817019
352	2	2	2	2	2005	325	735	1
354	2	3	2	3	2005	325	753	1
356	2	1	1	2	2005	325	612	1
358	2	2	2	2	2005	348	444	1
359	1	1	0	1	2005	348	486	1
360	2	0	2	2	2005	321	950	1
361	2	2	1	2	2005	328	336	1
362	1	1	2	2	2005	321	966	1
364	0	1	0	1	2005	325	690	1
367	2	2	2	6	2005	326	376	1
368	0	1	1	1	2005	325	525	1
369	2	2	2	2	2005	328	406	0.0228845130388505
370	2	1	1	2	2005	325	530	0.999745385105029
371	4	4	4	5	2005	326	334	1
374	1	0	0	1	2005	321	965	0.824907521578298
375	3	2	3	5	2005	326	457	1
376	1	1	0	2	2005	321	360	0.0733757961783439
377	2	2	5	5	2005	326	269	1
378	2	4	2	4	2005	321	493	0.141783439490446
380	1	0	1	1	2005	321	558	0.134852922450019
382	2	2	2	2	2005	321	567	0.141799232035107
384	1	3	0	3	2005	321	533	0.139854795567444
386	2	1	2	2	2005	321	451	0.142875334267159
388	0	0	1	1	2005	325	300	0.0262463115390589
390	1	2	3	3	2005	325	296	0.120550458715596
392	1	0	2	3	2005	321	795	0.202670971529205
400	4	4	4	4	2005	326	191	0
401	1	1	1	2	2005	328	315	1
402	1	3	3	3	2005	328	164	1
403	1	1	3	3	2005	326	254	1
404	3	1	2	3	2005	326	265	1
405	3	2	4	4	2005	326	403	1
408	4	5	5	6	2005	326	332	1
409	5	3	3	5	2005	326	354	1
411	0	2	2	2	2005	326	204	0
412	1	2	1	2	2005	326	179	0
420	1	1	1	2	2005	328	320	1
421	3	3	2	4	2005	328	274	1
422	1	2	0	2	2005	328	258	0
423	2	0	0	2	2005	328	273	0
424	2	3	1	3	2005	328	402	0
425	0	0	1	1	2005	328	332	0
426	0	1	3	3	2005	328	282	0
427	2	2	1	2	2005	328	329	0
428	2	2	1	2	2005	328	397	0.00209863588667366
430	4	2	0	4	2005	333	174	1
431	2	3	2	3	2005	333	209	1
432	1	1	2	2	2005	333	158	1
433	0	0	1	1	2005	333	186	0.403314917127072
434	2	3	1	3	2005	333	258	1
435	3	3	2	3	2005	333	172	1
436	1	1	2	2	2005	333	151	0.949152542372881
437	1	1	2	3	2005	333	170	0.497674418604651
438	2	1	1	2	2005	333	143	0.602040816326531
451	1	1	0	1	2005	333	263	0.864197530864197
452	1	1	1	1	2005	333	225	0.564516129032258
460	1	1	2	2	2005	335	345	0.94256120527307
461	1	3	2	3	2005	335	345	0.658771929824561
462	1	1	0	2	2005	335	329	0.900558659217877
463	4	3	2	4	2005	335	341	0.894277400581959
464	1	2	0	2	2005	335	316	1
467	1	1	1	2	2005	335	604	0.570093457943925
470	1	2	1	2	2005	335	291	0.258948545861298
471	2	2	2	3	2005	335	364	0.203898050974513
476	2	1	0	2	2005	335	148	0.190739167374681
477	4	4	4	4	2005	335	162	0.627848891664065
478	1	0	2	3	2005	335	398	0.140419947506562
481	1	0	0	1	2005	335	509	1
483	1	0	0	1	2005	334	207	1
484	1	0	1	2	2005	335	243	1
485	2	1	2	3	2005	335	240	1
486	2	1	0	2	2005	334	478	1
490	2	4	2	4	2005	333	91	0.549707602339181
491	2	4	4	4	2005	333	143	1
492	2	3	1	3	2005	333	117	0.677018633540373
493	2	1	1	2	2005	333	101	1
494	4	4	3	4	2005	333	265	1
495	2	1	0	2	2005	333	232	1
496	1	2	2	2	2005	333	136	0.794326241134752
510	1	1	1	1	2005	352	426	0.866056572379368
511	0	0	1	1	2005	352	415	0.776209677419355
512	2	3	2	4	2005	352	233	0.153356197942185
514	0	0	1	1	2005	352	173	0
515	1	0	0	1	2005	352	157	0.179858934169279
516	2	1	3	4	2005	352	178	0.473244781783681
520	0	1	2	2	2005	352	120	0.188287764203995
521	3	4	4	4	2005	352	372	0.152610441767068
522	1	1	2	2	2005	332	77	0
523	2	2	1	5	2005	332	99	0
524	1	1	3	5	2005	332	107	0.145967166309779
525	1	3	2	6	2005	332	101	0
530	2	1	0	3	2005	335	67	0.686967910936477
531	2	0	2	3	2005	335	167	0.92588092345079
532	1	1	0	2	2005	335	244	1
540	2	3	2	3	2005	339	182	0.350045167118338
541	4	3	3	4	2005	339	179	0.727220956719818
542	1	0	0	1	2005	339	288	1
543	4	4	4	4	2005	339	265	1
544	2	2	2	3	2005	339	224	1
546	1	2	2	2	2005	339	179	0.438250096786682
547	2	1	2	2	2005	339	231	0.746113989637306
551	2	2	2	2	2005	342	127	0.0209839123338774
552	1	2	1	2	2005	341	323	0.827083333333333
553	2	2	2	2	2005	341	307	0.32621359223301
554	2	1	3	3	2005	341	463	1
555	1	1	0	1	2005	342	18	0.376139817629179
560	2	0	2	2	2005	334	436	1
561	1	1	0	1	2005	335	571	0.721006564551422
562	1	0	0	1	2005	334	296	1
563	2	2	2	2	2005	335	147	0.51424450054093
570	1	1	0	1	2005	353	634	1
571	2	1	1	2	2005	353	736	1
572	0	1	1	1	2005	353	758	1
574	1	0	0	1	2005	353	745	1
577	0	0	1	1	2005	342	312	0.199896292455276
578	2	2	1	2	2005	342	214	0.139448336252189
579	2	1	1	2	2005	342	381	0.148506694129763
580	1	2	1	2	2005	342	431	0.140828556539865
581	2	3	2	3	2005	335	56	0.476586888657648
583	2	1	1	2	2005	335	222	0.642681426814268
584	1	1	2	2	2005	335	306	0.899045020463847
585	1	1	2	2	2005	335	103	0.7272030651341
590	2	3	3	4	2005	332	116	0
591	1	2	2	2	2005	341	360	1
595	2	2	2	3	2005	348	426	1
596	1	1	2	2	2005	348	453	1
597	2	1	1	2	2005	349	235	0
598	4	4	4	4	2005	349	141	0
599	3	3	3	3	2005	349	182	0
600	2	3	2	3	2005	345	68	0
601	1	1	1	1	2005	345	67	0
602	1	2	1	2	2005	345	67	0
603	2	2	2	2	2005	345	67	0
604	0	1	0	1	2005	345	62	0
605	1	1	1	1	2005	345	61	0
607	2	2	2	2	2005	345	63	0
608	3	3	3	3	2005	345	61	0
609	3	2	3	3	2005	345	63	0
610	1	1	2	2	2005	345	64	0
611	6	7	6	7	2005	345	62	0
615	3	2	2	3	2005	345	62	0
616	0	1	0	1	2005	345	63	0
619	3	3	3	3	2005	345	68	0
634	1	2	0	2	2005	355	133	0
635	2	2	2	3	2005	355	124	0
636	0	2	1	2	2005	355	119	0
637	1	1	2	3	2005	355	115	0
640	4	3	3	4	2005	355	101	0
660	1	2	0	2	2005	348	186	0
661	3	4	3	5	2005	348	183	0
662	3	6	6	6	2005	348	178	0
671	4	2	2	5	2005	347	216	0
672	2	3	2	4	2005	347	220	0
700	3	2	2	3	2005	355	1	0
701	1	1	1	1	2005	355	1	0
702	2	2	3	3	2005	355	1	0
703	1	2	2	2	2005	355	5	0.0319961795606495
704	2	2	1	2	2005	355	5	0.0841824737419658
705	3	3	3	3	2005	355	1	0.00207939508506616
706	2	2	0	2	2005	355	1	0
708	2	1	0	2	2005	355	2	0
709	3	4	4	4	2005	355	4	0
710	4	1	1	4	2005	355	4	0
711	2	2	0	2	2005	355	1	0.0124124761298536
712	1	1	0	1	2005	355	1	0
713	3	4	4	4	2005	355	1	0
1001	0	1	1	2	2006	303	22	0
1003	3	2	2	3	2006	303	241	0.0453396524486572
1005	0	0	1	1	2006	303	424	0.433147632311978
1006	2	0	4	4	2006	303	131	0.960581492871121
1007	2	1	1	2	2006	303	403	1
1008	2	3	1	3	2006	303	94	0.135763097949886
1009	2	3	3	4	2006	303	241	0.0470159886021846
1010	0	0	1	1	2006	303	19	0
1014	1	1	1	2	2006	303	305	0.81641302253901
1015	6	5	7	8	2006	312	6	0.0577269993986771
1017	0	0	1	1	2006	312	5	1
1019	0	0	1	1	2006	312	4	0
1020	3	5	5	5	2006	312	2	0.216313116223484
1023	1	1	1	1	2006	312	6	0.935665914221219
1024	1	0	1	1	2006	312	6	1
1026	2	3	2	3	2006	312	2	0.153905496624879
1028	3	3	3	3	2006	312	5	0
1029	0	0	1	1	2006	299	188	0.321730227796263
1030	1	1	0	1	2006	299	249	0.216940363007779
1031	1	2	3	3	2006	299	467	0.211385701676964
1032	0	2	0	2	2006	299	635	0.576923076923077
1033	0	3	2	3	2006	299	625	0.659367396593674
1034	2	2	2	2	2006	299	606	0.226676946800308
1035	2	2	0	3	2006	299	176	0.972537878787879
1042	0	0	1	1	2006	305	189	1
1043	0	0	2	2	2006	305	362	0.790201501382853
1044	2	1	2	4	2006	305	353	0.795533307662688
1045	0	2	2	2	2006	305	313	1
1049	1	1	2	2	2006	313	225	1
1050	3	3	3	4	2006	313	197	0
1053	0	1	2	2	2006	313	215	1
1054	0	0	1	1	2006	313	154	1
1055	3	3	3	3	2006	303	13	0.0246913580246914
1057	1	2	2	2	2006	303	298	0
1058	1	1	1	1	2006	303	420	0.0472911759376699
1059	1	1	1	2	2006	303	361	0.0344552560216941
1060	4	5	5	5	2006	303	238	0.114897413024086
1061	1	1	1	1	2006	318	120	0.704311331552842
1062	1	0	0	1	2006	318	92	0.691851851851852
1064	1	1	1	1	2006	318	672	0.421845574387947
1067	1	2	0	2	2006	319	214	0.643540669856459
1070	3	2	2	4	2006	318	143	0.663563267033432
1071	2	1	1	3	2006	318	141	0.586779661016949
1074	1	1	0	1	2006	319	258	0.563953488372093
1075	1	1	0	1	2006	319	624	1
1076	0	0	1	1	2006	319	241	0.47485536270583
1077	1	1	2	2	2006	319	312	0.947698744769874
1078	1	0	2	2	2006	319	474	0.7206132879046
1080	2	2	2	3	2006	317	504	1
1084	1	1	2	2	2006	317	434	1
1085	0	0	1	1	2006	317	222	0.634097706879362
1086	1	0	0	1	2006	317	194	0.300062383031815
1089	0	1	0	1	2006	319	146	0.928184281842818
1091	1	1	2	2	2006	317	494	1
1092	1	0	0	1	2006	317	493	1
1093	0	1	0	1	2006	317	322	0.478758169934641
1094	0	1	1	2	2006	317	447	0.948921679909194
1095	0	1	2	2	2006	318	221	0.620879120879121
1096	1	2	1	2	2006	318	211	0.563451776649746
1097	2	2	1	3	2006	319	180	1
1098	4	4	4	4	2006	330	8	0
1099	1	1	2	2	2006	324	4	0
1100	0	1	0	1	2006	324	3	0
1102	2	1	2	2	2006	324	5	0.229761347683669
1103	3	2	2	3	2006	324	5	0
1104	1	0	1	2	2006	324	2	0
1105	1	1	0	1	2006	325	47	1
1108	1	1	1	1	2006	325	446	1
1113	1	2	0	2	2006	325	35	1
1126	2	3	2	3	2006	327	163	0.788659793814433
1127	1	0	0	1	2006	327	253	0.888762769580023
1131	0	0	1	1	2006	327	189	0
1132	1	1	3	3	2006	327	28	0
1133	1	1	2	2	2006	327	235	1
1134	0	0	1	1	2006	327	20	0
1136	1	2	1	2	2006	327	222	0.954707985697259
1141	1	1	0	1	2006	327	65	0
1142	1	0	0	1	2006	327	305	0.983633387888707
1145	0	0	1	1	2006	331	190	0
1147	1	1	1	1	2006	331	209	0
1151	1	0	1	1	2006	331	191	0
1152	0	2	1	2	2006	331	206	0
1154	2	1	1	3	2006	331	213	0
1158	0	3	1	3	2006	332	189	0
1159	1	1	0	1	2006	332	178	0
1160	2	2	2	3	2006	332	187	0
1163	1	2	1	2	2006	332	189	0
1164	1	2	1	2	2006	332	180	0
1165	1	1	0	1	2006	332	190	0
1167	4	4	4	4	2006	332	189	0
1168	7	7	7	7	2006	332	188	0
1172	1	3	1	3	2006	332	138	0
1173	1	2	2	3	2006	332	138	0
1174	0	0	1	1	2006	332	134	0
1175	0	2	1	2	2006	332	114	0
1176	1	1	1	1	2006	332	137	0
1177	0	3	3	3	2006	332	139	0
1180	1	1	1	1	2006	332	108	0
1181	9	9	9	9	2006	332	137	0
1182	5	5	5	5	2006	332	139	0
1183	2	2	1	3	2006	332	138	0
1186	7	8	9	12	2006	332	107	0
1187	2	3	3	3	2006	337	119	0
1188	1	2	0	2	2006	337	133	0
1189	1	2	0	2	2006	337	131	0
1190	7	7	3	7	2006	337	58	0
1195	1	0	2	2	2006	337	66	0
1196	4	3	3	4	2006	337	66	0
1198	1	1	1	1	2006	337	61	0
1203	4	2	2	4	2006	337	61	0
1208	1	1	0	2	2006	337	62	0
1209	3	1	1	4	2006	337	60	0
1210	1	2	2	2	2006	338	125	0
1211	1	2	1	2	2006	338	114	0
1212	3	1	1	3	2006	338	106	0
1213	1	0	0	1	2006	338	283	0.501561280249805
1214	0	0	1	1	2006	338	303	0.593677118424462
1215	1	1	1	3	2006	338	259	0
1220	0	1	1	1	2006	338	275	0.0337457817772778
1224	1	1	0	2	2006	338	376	0
1225	1	1	0	2	2006	338	390	0
1234	3	3	2	2	2006	334	660	1
1235	2	2	1	2	2006	334	659	1
1236	2	2	2	2	2006	334	681	1
1237	2	2	2	2	2006	334	741	1
1238	1	2	2	2	2006	334	761	1
1239	3	3	2	3	2006	334	740	1
1240	1	2	1	2	2006	334	531	1
1246	2	0	0	2	2006	334	566	1
1247	0	1	1	1	2006	334	593	1
1248	3	1	1	4	2006	334	566	1
1249	2	1	1	2	2006	334	558	1
1250	3	3	2	3	2006	334	1201	1
1251	1	1	1	1	2006	334	927	1
1252	2	2	2	2	2006	334	957	1
1253	3	3	3	3	2006	334	1103	1
1254	2	2	0	2	2006	334	936	1
1255	2	2	1	2	2006	334	787	1
1256	1	0	0	1	2006	334	579	1
1258	2	2	3	3	2006	334	819	1
1259	1	1	0	1	2006	334	863	1
1260	4	2	2	5	2006	334	839	1
1261	2	3	1	4	2006	334	757	1
1262	1	1	1	1	2006	334	774	1
1263	3	1	1	3	2006	334	755	1
1265	2	2	1	2	2006	339	539	1
1266	1	1	2	2	2006	339	577	1
1271	1	1	2	2	2006	339	52	1
1272	2	2	2	2	2006	339	111	0.844213649851632
1276	4	4	2	4	2006	339	579	1
1279	2	1	1	3	2006	339	547	0.427177448500181
1286	3	1	1	3	2006	341	200	0
1287	1	2	3	3	2006	341	198	0
1288	2	2	3	5	2006	341	199	0
1289	4	3	2	4	2006	341	206	0
1290	0	0	1	1	2006	341	210	0
1294	2	2	4	4	2006	341	202	0
1295	4	4	2	4	2006	341	198	0
1296	2	4	4	4	2006	341	201	0
1297	2	2	3	3	2006	341	203	0
1301	2	3	4	5	2006	346	88	0
1303	2	3	4	5	2006	346	91	0
1304	2	2	2	2	2006	344	111	0
1305	1	2	2	3	2006	344	106	0
1307	3	3	3	3	2006	344	93	0
1313	2	2	2	2	2006	344	79	0
1314	2	3	0	3	2006	344	86	0
1315	2	3	3	3	2006	344	84	0
1316	3	3	3	3	2006	344	77	0
1317	4	4	4	4	2006	344	78	0
1319	3	3	3	4	2006	344	104	0
1320	4	3	4	4	2006	344	97	0
1321	2	3	3	3	2006	344	93	0
1322	4	4	0	4	2006	344	93	0
1324	1	2	3	3	2006	344	109	0
1325	1	2	2	2	2006	344	105	0
1326	1	2	3	5	2006	353	396	0.0116758241758242
1327	2	0	3	3	2006	353	446	0
1328	1	0	0	1	2006	353	340	0
1329	0	2	2	3	2006	353	500	1
1330	1	1	1	2	2006	353	381	0.622837370242215
1334	0	1	0	1	2006	340	534	1
1335	0	1	1	2	2006	340	486	1
1336	1	2	3	3	2006	340	452	1
1337	3	4	4	4	2006	340	434	1
1338	2	2	1	2	2006	340	389	0.0369565217391304
1339	0	1	1	1	2006	340	437	0
1340	2	1	0	2	2006	340	364	0.155090655509066
1341	3	4	4	4	2006	340	376	0
1344	3	5	0	5	2006	340	379	0
1350	0	0	1	1	2006	340	490	1
1351	0	1	1	2	2006	340	452	1
1352	0	0	3	3	2006	340	406	1
1353	0	1	0	1	2006	340	378	1
1357	2	2	2	3	2006	340	567	1
1359	1	1	1	1	2006	340	504	1
1368	3	3	3	3	2006	352	156	0
1369	1	4	3	4	2006	352	151	0
1370	1	1	1	1	2006	352	152	0
1371	2	3	3	3	2006	352	151	0
1372	3	3	4	5	2006	352	162	0
1373	1	1	1	1	2006	352	168	0
1375	3	3	3	3	2006	352	168	0
1376	3	1	1	3	2006	352	166	0
1377	3	3	2	3	2006	352	164	0.00015271838729383
1378	2	2	3	3	2006	352	174	0
1379	1	1	1	1	2006	352	163	0
1380	1	1	1	1	2006	352	167	0
1381	4	7	7	7	2006	352	163	0
1382	2	1	2	2	2006	352	150	0
1384	2	2	3	3	2006	352	153	0
1385	3	3	2	3	2006	352	157	0
1393	2	2	2	2	2006	353	109	0
1394	2	1	1	2	2006	345	136	0
1395	0	1	1	2	2006	345	122	0
1396	6	6	5	6	2006	345	123	0
1397	1	2	2	2	2006	345	135	0
1398	2	2	2	2	2006	345	142	0
1399	7	7	5	7	2006	345	141	0
1400	0	1	2	2	2006	345	132	0
1401	3	3	0	3	2006	345	120	0
1402	4	4	4	4	2006	345	116	0
1403	2	2	1	2	2006	345	118	0.181946403385049
1404	1	2	0	2	2006	345	120	0
1405	1	2	1	2	2006	345	132	0
1406	3	3	3	3	2006	345	141	0
1409	1	0	1	1	2006	345	122	0
1410	4	2	2	4	2006	345	124	0
1411	2	0	2	2	2006	345	137	0
1413	2	3	3	3	2006	346	113	0
1417	1	0	0	1	2006	351	828	1
1419	0	1	0	1	2006	351	797	1
1427	1	1	1	1	2006	351	681	1
1428	2	2	2	2	2006	348	520	0.000829187396351575
1429	0	0	1	1	2006	348	530	0.183716075156576
1430	2	1	0	3	2006	348	483	0.232868405093996
1431	2	3	2	4	2006	348	422	0.288288288288288
1432	5	4	3	5	2006	348	371	0.26417445482866
1433	0	1	0	1	2006	348	437	0
1434	0	0	4	4	2006	348	499	0
1435	4	4	4	4	2006	348	379	0
1436	2	0	3	5	2006	348	465	0.30381679389313
1437	1	1	0	1	2006	348	419	1
1438	0	1	0	1	2006	348	381	0.916750250752257
1439	2	3	1	4	2006	348	348	0.862676056338028
1440	1	1	0	2	2006	348	352	0.89533932951758
1441	0	1	1	2	2006	348	377	0.632194244604317
1442	1	1	3	4	2006	348	413	0.459905660377358
1445	1	0	0	1	2006	348	454	0
1447	2	0	2	2	2006	348	357	0.000628535512256443
1448	2	2	2	2	2006	348	323	0.217100868403474
1449	4	3	4	4	2006	348	308	0.309545875810936
1451	0	1	1	1	2006	348	293	0.371165644171779
1452	2	2	1	2	2006	348	333	0.346646571213263
1453	1	1	1	1	2006	348	304	0.304812834224599
1458	1	1	1	1	2006	348	315	0
1462	1	1	0	1	2006	348	348	0
1463	2	3	2	3	2006	359	382	0.653501843075303
1464	1	1	0	1	2006	359	189	0.0762267121490422
1465	4	5	4	5	2006	346	266	0.320970042796006
1468	5	5	5	5	2006	355	121	0
1469	7	6	6	7	2006	355	116	0
1470	1	0	1	2	2006	353	130	0
1471	0	1	1	1	2006	353	136	0
1476	3	3	3	3	2006	347	864	1
1478	2	4	4	4	2006	347	793	1
1479	4	3	4	5	2006	347	793	1
1481	1	0	1	1	2006	347	740	1
1483	3	2	3	3	2006	347	920	1
1484	3	2	3	4	2006	347	936	1
1485	2	1	2	5	2006	347	955	1
1486	1	0	2	2	2006	347	1046	1
1487	2	1	1	3	2006	347	1184	1
1488	2	1	0	2	2006	347	1205	1
1489	2	3	2	5	2006	347	1078	1
1490	3	3	2	3	2006	347	763	1
1491	3	3	2	3	2006	347	783	1
1492	3	4	2	4	2006	347	817	1
1493	2	1	1	2	2006	347	830	1
1494	1	2	1	2	2006	347	847	1
1495	4	4	4	4	2006	347	854	1
1496	3	3	3	3	2006	347	887	0.981294964028777
1497	3	3	3	3	2006	347	929	0.840871021775544
1498	2	2	3	3	2006	347	1012	0.252541683611224
1499	1	0	1	1	2006	347	648	1
1500	2	3	2	3	2006	347	656	1
1502	4	4	4	4	2006	347	946	1
1503	2	3	2	3	2006	347	1018	1
1504	2	3	4	4	2006	347	952	1
1505	2	2	3	3	2006	347	981	1
1506	3	3	5	5	2006	347	1035	1
1507	1	3	2	3	2006	347	977	1
1511	1	0	0	1	2007	4	1038	1
1512	3	3	4	4	2007	8	187	0
1513	4	3	1	5	2007	8	181	0
1514	10	10	10	12	2006	331	207	0
