"ACTR"	"CIMA"	"COCH"	"COCO"	"COFR"	"ESAS"	"FOMA"	"FRPO"	"GEST"	"HYBO"	"MAMA"	"PADO"	"PEAS"	"PHBO"	"PLCU"	"PYJO"	"SATE"	"STPI"	"TEBO"	"TUNI"	"ZOBO"	"ZOOL"
"1"	5	0	0	0	0	0	4	0	0	0	0	0	0	0	0	0	3	0	0	0	0	0
"2"	7	0	0	4	0	0	6	0	0	0	0	0	0	0	0	0	3	0	0	0	0	0
"3"	2	0	0	0	0	0	8	0	0	0	0	0	0	0	0	0	3	0	0	0	5	0
"4"	5	0	0	0	0	0	4	0	0	0	0	0	0	0	0	0	5	0	0	0	0	0
"5"	4	0	0	0	0	0	8	0	0	0	0	0	0	0	0	0	3	0	0	0	3	0
"6"	0	0	0	2	0	1	9	0	0	0	1	2	0	0	0	0	2	0	0	0	0	0
"7"	1	0	0	2	0	1	7	0	0	0	1	1	0	0	0	0	2	0	0	0	1	0
"8"	2	0	0	0	0	0	6	0	1	0	0	0	0	0	0	1	0	0	0	1	2	0
"9"	2	0	0	4	0	14	8	0	0	0	0	0	0	0	3	0	2	0	0	0	0	0
"10"	1	0	0	2	0	3	4	0	0	0	0	5	0	0	0	0	2	0	0	0	0	0
"11"	2	0	0	0	0	0	9	0	0	0	0	4	0	0	0	0	1	0	0	0	0	0
"12"	7	0	0	0	0	1	4	0	0	0	0	4	0	0	0	1	2	0	0	0	0	0
"13"	2	0	0	0	0	1	4	0	0	0	0	0	0	0	0	0	2	0	0	0	0	1
"14"	3	0	0	2	1	5	6	0	1	0	0	0	0	0	0	0	1	0	0	0	2	0
"15"	4	0	0	2	0	3	4	0	0	0	0	0	0	0	1	0	3	0	0	0	0	0
"16"	3	1	0	0	0	22	4	0	0	0	0	2	0	0	0	0	1	0	0	0	0	0
"17"	2	0	0	0	0	0	6	0	0	0	0	8	0	0	0	0	0	0	0	0	0	0
"18"	1	0	0	0	1	8	6	0	0	0	0	2	0	0	0	0	5	0	0	0	0	0
"19"	1	0	0	0	1	2	6	0	0	0	0	1	0	0	0	0	1	0	0	0	0	0
"20"	3	0	0	0	1	1	8	0	3	0	0	4	0	0	0	0	2	0	0	0	0	0
"21"	1	0	0	0	0	0	13	0	6	0	0	0	0	0	0	0	1	0	0	0	3	0
"22"	4	0	0	0	0	3	8	0	0	0	0	0	0	0	0	0	0	0	0	0	0	0
"23"	5	0	0	0	1	4	4	0	0	0	0	1	0	0	0	0	2	0	0	0	0	0
"24"	4	0	0	0	0	0	6	0	1	0	0	0	0	0	0	0	0	0	0	0	5	0
"25"	1	0	0	4	0	5	8	0	2	0	0	0	0	0	0	0	1	0	0	0	3	0
"26"	2	0	0	4	0	3	2	0	0	0	0	7	0	0	4	0	1	0	0	0	0	0
"27"	4	0	0	2	1	2	4	0	1	0	0	2	0	0	0	0	0	0	0	0	0	0
"28"	2	0	0	0	0	6	2	0	0	0	0	5	0	0	0	0	0	0	0	0	0	0
"29"	2	0	0	0	1	1	2	0	0	0	0	4	0	0	4	0	0	0	0	0	0	0
"30"	2	0	0	2	0	3	6	0	2	0	0	6	0	0	5	0	2	0	0	0	2	0
"31"	1	0	0	0	0	0	2	0	1	0	0	3	0	0	0	0	0	0	0	0	0	0
"32"	4	0	0	0	0	0	8	0	1	0	0	4	0	0	0	0	0	0	0	0	0	0
"33"	0	0	0	0	0	0	6	0	0	0	0	5	0	0	0	0	0	0	0	0	2	0
"34"	0	0	0	0	1	0	6	0	0	0	0	4	0	0	14	4	0	0	0	0	1	0
"35"	4	0	0	0	2	3	4	0	2	0	0	4	0	0	0	1	0	0	0	0	2	0
"36"	1	0	0	0	4	1	4	0	0	0	0	1	0	0	0	2	0	0	0	0	2	0
"37"	2	0	0	0	1	0	4	0	1	0	0	7	0	0	0	2	0	0	0	0	5	0
"38"	1	0	0	0	3	0	2	0	0	0	0	3	0	0	0	1	0	0	0	0	0	0
"39"	5	0	0	0	6	0	6	0	0	0	0	1	0	0	0	0	1	0	0	0	3	0
"40"	10	0	0	0	5	5	4	0	7	0	0	0	0	0	0	2	0	0	0	0	0	0
"41"	4	0	0	6	0	2	4	0	2	0	0	2	0	0	4	0	0	0	0	0	0	0
"42"	1	0	0	4	1	0	4	0	4	0	0	0	0	0	0	2	0	0	0	0	0	0
"43"	7	0	0	0	1	3	2	0	3	0	0	3	0	0	0	1	0	0	0	0	0	0
"44"	4	0	0	0	0	3	2	0	0	0	0	4	0	0	0	1	0	0	0	0	0	0
"45"	3	0	0	0	0	0	2	0	4	0	0	9	0	0	8	0	0	0	0	0	0	0
"46"	1	0	0	0	0	1	6	0	5	0	0	3	0	0	0	0	1	0	0	0	2	0
"47"	2	0	0	0	0	2	6	0	0	0	0	2	0	0	3	0	2	0	0	0	2	0
"48"	1	0	0	0	1	0	2	0	0	0	0	6	0	0	0	0	0	0	0	0	7	0
"49"	2	0	0	0	0	1	4	0	0	0	0	0	0	0	0	0	0	0	0	0	3	0
"50"	4	0	0	0	0	0	12	0	0	0	0	0	0	0	0	0	3	0	0	0	5	0
"51"	3	0	0	0	1	0	3	0	0	0	0	0	0	0	0	0	3	0	0	0	2	0
"52"	4	0	0	0	1	3	2	0	0	0	0	0	0	0	0	0	0	0	0	0	0	0
"53"	4	0	0	0	1	0	6	0	0	0	0	2	0	0	0	0	1	0	0	0	0	0
"54"	1	0	0	0	0	0	6	0	0	0	0	3	0	0	0	0	0	0	0	1	1	0
"55"	3	0	0	0	0	1	4	0	0	0	0	0	0	0	0	0	0	0	0	0	2	0
"56"	1	0	0	0	1	1	4	0	0	0	0	0	0	0	0	0	1	0	0	0	1	0
"57"	1	0	0	2	0	1	8	0	1	0	0	5	0	0	0	0	2	0	0	0	1	0
"58"	3	0	0	6	0	0	6	0	1	0	0	0	0	0	0	0	1	2	0	0	2	0
"59"	4	0	0	4	1	0	6	0	0	0	0	0	0	0	0	0	2	0	0	0	2	0
"60"	8	0	0	2	0	10	6	0	7	0	0	0	0	0	0	0	1	2	0	0	0	0
"61"	5	0	0	4	0	0	4	0	0	0	0	5	0	0	0	0	2	0	0	0	1	0
"62"	1	0	0	4	0	0	6	0	0	0	0	3	0	0	0	0	1	0	0	0	0	0
"63"	3	0	0	0	0	2	6	0	1	0	0	0	0	0	0	0	1	0	0	0	2	0
"64"	6	0	0	4	0	0	2	0	0	0	0	5	0	0	0	0	2	0	0	0	0	0
"65"	25	0	0	0	0	1	7	0	0	0	0	8	0	0	0	0	1	0	0	0	0	0
"66"	6	0	0	0	0	15	2	0	0	0	0	7	0	0	0	0	1	0	0	0	0	0
"67"	0	0	0	0	0	0	6	0	0	0	0	7	0	0	0	0	3	0	0	0	0	0
"68"	7	0	0	0	2	0	10	0	0	0	0	5	0	0	0	0	4	0	0	0	0	0
"69"	2	0	0	0	1	0	2	0	0	0	3	0	0	0	0	0	8	0	0	1	1	0
"70"	1	0	0	0	1	1	6	0	0	0	0	0	0	0	0	0	4	0	0	0	7	0
"71"	5	0	0	0	0	0	2	0	0	0	0	0	0	0	0	2	0	0	0	0	0	0
"72"	5	0	0	0	2	8	6	0	0	0	0	0	0	0	8	0	1	0	0	0	3	0
"73"	3	0	0	0	0	3	4	0	4	0	0	3	0	0	0	1	2	0	1	0	2	1
"74"	3	0	0	0	2	2	2	0	0	0	0	0	0	0	0	2	0	0	0	0	1	0
"75"	2	0	0	0	2	6	2	0	0	0	0	0	0	0	0	2	0	0	0	0	0	0
"76"	3	0	0	0	1	0	6	0	3	0	0	7	0	0	3	3	0	0	0	0	0	0
"77"	2	0	0	0	10	1	3	0	2	0	0	2	0	0	0	1	0	0	0	0	0	0
"78"	1	1	0	0	4	0	6	0	2	0	0	0	0	0	0	3	0	1	0	0	2	0
"79"	0	0	0	0	6	0	2	0	1	0	0	0	0	0	0	5	0	0	0	0	0	0
"80"	5	2	0	0	1	0	0	0	6	0	0	0	0	0	0	4	2	0	1	0	4	0
"81"	34	0	0	2	2	0	4	0	8	2	0	0	0	0	0	2	2	0	0	0	0	0
"82"	2	0	0	0	1	0	12	0	31	0	0	0	0	0	0	1	4	0	0	0	0	0
"83"	2	0	0	0	0	2	6	0	5	0	0	0	0	0	0	4	1	0	0	0	3	0
"84"	0	0	0	0	2	5	2	0	1	0	0	0	0	0	0	2	1	0	0	0	0	0
"85"	4	0	0	0	0	2	4	0	1	0	0	0	0	0	0	4	1	0	0	0	3	2
"86"	2	0	0	0	0	7	2	0	0	1	0	0	0	0	0	3	0	0	0	0	6	0
"87"	2	0	0	0	1	0	0	0	2	1	0	0	0	0	0	4	1	0	0	0	0	0
"88"	0	0	0	2	0	0	2	0	0	0	0	0	0	0	0	0	5	0	0	0	4	0
"89"	4	0	0	0	1	0	2	0	0	0	0	1	0	0	0	0	3	0	0	0	1	0
"90"	3	0	0	0	0	0	11	0	0	0	0	5	0	0	0	0	4	0	0	0	3	0
"91"	0	0	0	0	0	1	8	0	0	0	0	6	0	0	0	0	1	0	0	0	0	0
"92"	6	0	0	0	0	5	10	0	0	0	0	1	0	0	0	0	4	0	0	0	3	0
"93"	4	0	0	2	1	2	4	0	3	0	0	1	0	0	0	0	4	0	0	0	1	0
"94"	4	0	0	0	1	15	2	0	4	0	0	0	0	0	0	4	2	0	0	0	0	0
"95"	3	0	0	0	0	5	2	0	2	0	0	2	0	0	0	2	0	0	1	0	7	1
"96"	8	0	0	2	1	6	6	0	3	0	0	0	0	0	0	4	2	0	0	0	1	1
"97"	2	0	0	0	1	1	4	0	1	0	0	0	0	0	0	3	3	0	3	0	3	2
"98"	1	0	0	0	6	4	0	0	2	0	0	0	0	0	0	2	0	0	0	0	0	0
"99"	2	0	0	0	1	8	6	0	2	0	0	0	0	0	0	1	0	0	0	0	0	0
"100"	2	0	0	0	0	0	0	0	0	0	0	3	0	0	0	0	5	0	0	0	6	0
"101"	2	0	0	0	0	0	0	0	0	0	0	3	0	0	0	0	4	0	0	0	7	0
"102"	2	0	0	0	0	0	0	0	0	0	5	4	0	0	0	0	4	0	0	0	1	0
"103"	0	0	0	0	0	0	0	0	0	0	0	0	0	0	0	0	3	0	0	0	0	0
"104"	1	0	0	0	0	0	0	0	0	0	0	2	0	0	0	0	4	0	0	0	2	0
"105"	2	0	0	0	0	0	27	0	0	0	0	0	0	0	0	0	4	0	0	0	7	0
"106"	4	2	0	0	0	0	2	0	3	3	0	0	0	0	0	3	3	0	1	0	4	2
"107"	1	0	0	0	0	0	6	0	1	0	0	2	0	0	0	4	3	0	0	0	3	5
"108"	2	0	0	0	0	0	6	0	1	1	0	0	0	0	0	3	1	0	0	0	6	2
"109"	2	0	0	0	2	0	4	0	2	1	0	2	0	0	2	5	1	0	0	0	4	2
"110"	1	0	0	0	2	0	6	0	2	1	0	0	0	0	0	8	2	0	0	0	2	0
"111"	2	0	0	0	0	0	4	0	1	0	0	0	0	0	0	4	1	0	0	0	2	5
"112"	1	0	0	0	1	7	4	0	2	0	0	0	0	0	0	3	0	0	0	0	4	2
"113"	1	1	0	0	2	24	4	0	0	0	0	0	0	0	0	4	0	0	0	0	0	0
"114"	7	0	0	0	1	22	6	0	4	0	0	7	0	0	0	5	6	0	0	0	2	0
"115"	2	0	0	0	0	7	4	0	0	0	0	15	0	6	0	2	4	0	0	0	3	0
"116"	3	1	0	0	1	0	6	0	2	3	0	0	0	0	0	8	2	5	0	0	7	0
"117"	2	1	0	0	0	0	6	0	0	3	0	0	0	0	0	0	2	0	0	0	2	0
"118"	3	0	0	0	0	0	6	0	0	2	0	0	0	0	0	1	3	0	0	0	2	2
"119"	0	0	0	0	0	0	0	0	0	6	0	0	0	0	0	0	2	0	0	0	4	4
"120"	0	0	0	0	0	0	0	0	0	2	0	0	0	0	0	0	1	0	0	0	3	4
"121"	3	0	0	0	0	3	4	0	0	0	0	2	0	0	0	2	1	0	0	0	0	0
"122"	10	0	0	0	2	20	2	0	0	0	0	0	0	0	6	3	1	0	0	0	3	0
"123"	0	0	0	0	2	18	6	0	1	0	0	0	0	0	0	3	0	0	0	0	1	0
"124"	3	0	0	0	3	2	6	0	5	0	0	2	0	0	1	6	0	0	0	0	8	0
"125"	0	0	0	1	4	10	4	0	3	0	0	0	0	0	10	6	0	1	0	0	0	0
"126"	3	0	0	0	2	4	4	0	14	0	0	2	0	0	3	10	0	1	0	0	7	0
"127"	2	0	0	0	0	5	3	0	1	0	0	11	0	0	4	3	0	0	0	0	0	0
"128"	0	0	0	0	0	17	2	0	1	0	0	4	0	0	0	3	0	0	0	0	0	0
"129"	0	0	0	0	0	0	0	0	1	0	0	0	0	0	0	0	0	0	0	0	0	0
"130"	0	0	0	1	0	0	4	0	1	0	0	0	0	0	0	4	0	0	0	0	0	0
"131"	0	0	0	0	2	7	6	0	0	0	0	0	0	0	0	2	0	0	0	0	0	0
"132"	0	0	0	0	0	2	3	0	0	0	0	0	0	0	0	3	0	0	0	0	0	0
"133"	1	0	0	0	0	3	3	0	0	0	0	0	0	0	0	2	0	0	0	2	2	0
"134"	2	0	0	0	0	0	1	0	0	0	0	0	0	0	0	0	0	0	0	2	0	0
"135"	11	0	0	0	0	1	17	0	6	0	0	3	0	0	0	1	0	0	0	0	0	0
"136"	0	0	0	0	0	2	2	0	0	0	0	0	0	0	0	0	0	0	0	2	0	0
"137"	0	0	0	0	0	0	2	0	0	0	0	2	0	0	0	0	0	0	0	0	0	0
"138"	0	0	0	0	0	0	2	0	0	0	0	0	0	0	0	0	0	0	0	0	0	0
"139"	0	0	0	0	0	2	2	0	0	0	0	0	0	0	0	1	0	0	0	1	0	0
"140"	0	0	0	0	0	0	2	0	0	0	0	0	0	0	0	0	0	0	0	1	0	0
"141"	0	0	0	0	0	2	1	0	0	0	0	0	0	0	0	2	0	0	0	1	0	0
"142"	0	0	0	0	0	1	0	0	0	0	0	0	0	0	0	0	0	0	0	3	0	0
"143"	1	0	0	0	0	2	2	0	0	0	0	0	0	0	0	0	0	0	0	1	0	0
"144"	3	0	0	0	0	0	3	0	0	0	0	0	0	0	0	0	0	0	0	0	0	0
"145"	1	0	0	0	0	0	2	0	0	0	0	0	0	0	0	5	0	0	0	0	0	0
"146"	2	0	0	0	0	2	2	0	0	0	0	2	0	0	0	2	0	0	0	0	0	0
"147"	0	0	0	0	0	0	3	0	1	0	0	0	0	0	0	2	0	0	0	0	0	0
"148"	3	0	0	0	0	0	3	0	2	0	0	0	0	0	0	2	0	0	0	0	0	0
"149"	2	0	0	0	0	0	2	0	2	0	0	0	0	0	0	2	0	1	0	0	0	0
"150"	2	0	0	0	0	14	2	0	2	0	0	2	0	0	2	3	2	0	0	1	2	0
"151"	1	0	0	0	0	2	0	0	0	0	0	0	0	0	0	3	0	0	0	0	0	0
"152"	2	0	0	0	0	0	1	0	0	0	0	0	0	0	0	1	0	0	0	0	0	0
"153"	0	0	0	0	0	0	2	0	2	0	0	0	0	0	0	1	0	0	0	0	0	0
"154"	3	0	0	0	0	5	1	0	2	0	0	0	0	0	0	1	0	0	0	0	0	0
"155"	2	0	0	0	0	2	1	0	2	0	0	0	0	0	0	0	0	0	0	0	0	0
"156"	0	0	0	0	0	0	2	0	1	0	0	0	0	0	0	2	0	0	0	1	0	0
"157"	1	0	0	0	0	0	0	0	0	2	0	0	0	0	0	0	3	0	0	0	3	5
"158"	0	0	0	0	0	0	0	0	0	2	0	0	0	0	0	2	3	0	0	0	3	7
"159"	0	0	0	0	0	0	0	0	0	2	0	0	0	0	0	2	1	0	0	0	3	5
"160"	0	0	0	0	0	0	0	0	0	2	0	0	0	0	0	1	3	0	0	0	4	7
"161"	0	0	0	0	0	0	0	0	0	0	0	0	0	0	0	0	2	0	0	0	2	0
"162"	0	0	0	0	0	0	0	0	0	0	0	0	0	0	0	0	2	0	0	0	2	0
"163"	0	0	0	0	0	0	2	0	0	0	0	0	0	0	0	0	1	0	0	0	1	0
"164"	0	0	0	0	0	0	0	0	0	0	0	0	0	0	0	0	2	0	0	0	1	0
"165"	0	0	0	0	1	28	0	0	0	0	0	1	0	0	0	0	4	1	0	0	2	0
"166"	0	0	0	0	0	0	0	0	0	0	0	0	0	0	0	0	1	0	0	0	2	0
"167"	0	0	0	0	0	0	1	0	0	0	0	0	0	0	0	0	2	0	0	0	4	0
"168"	0	0	0	0	0	0	0	0	0	0	0	0	0	0	0	0	1	1	0	0	4	0
"169"	0	0	0	0	0	0	0	0	0	0	0	0	0	0	0	0	0	0	0	0	3	2
"170"	0	0	0	0	0	0	0	0	0	0	0	0	0	0	0	0	2	0	0	0	3	0
"171"	0	0	0	0	0	0	0	0	0	0	0	0	0	0	0	0	1	0	0	0	3	0
"172"	2	0	0	0	0	0	2	0	0	0	0	0	0	0	0	0	1	0	0	0	2	0
"173"	0	0	0	0	0	0	0	0	0	0	0	0	0	0	0	0	1	0	0	0	1	0
"174"	0	0	0	0	0	0	0	0	0	0	0	0	0	0	0	0	0	0	0	0	2	0
"175"	0	0	0	0	0	0	0	0	0	0	0	0	0	0	0	0	1	0	0	0	3	0
"176"	0	0	0	0	0	0	0	0	0	0	0	0	0	0	0	0	0	0	0	0	3	0
"177"	0	0	0	0	0	0	0	0	0	0	0	0	0	0	0	0	2	0	0	0	1	0
"178"	0	0	0	0	0	0	0	0	0	0	0	0	0	0	0	0	1	0	0	0	1	0
"179"	0	0	0	0	0	0	0	0	0	0	0	0	0	0	0	0	1	0	0	0	1	0
"180"	0	0	0	0	0	0	0	0	0	0	0	0	0	0	0	0	2	0	0	0	3	0
"181"	0	0	0	0	0	0	0	0	0	0	0	0	0	0	0	0	2	0	0	0	2	0
"182"	0	0	0	0	0	0	0	0	0	0	0	0	0	0	0	0	1	0	0	0	0	0
"183"	2	0	0	0	0	0	9	0	0	0	0	0	0	0	5	0	0	0	0	1	0	0
"184"	4	0	0	0	0	0	11	0	0	0	0	0	0	0	0	0	0	0	0	0	0	0
"185"	0	0	0	0	0	0	8	0	0	0	0	0	0	0	0	0	0	0	0	0	2	0
"186"	0	0	0	0	0	0	10	0	0	0	0	0	0	0	0	0	0	0	0	2	0	0
"187"	2	0	0	0	3	0	0	5	4	0	0	0	0	0	1	1	0	0	0	0	5	0
"188"	0	0	0	0	0	3	2	0	0	0	0	0	0	0	0	0	0	0	0	0	0	0
"189"	0	0	0	0	0	1	4	0	0	0	0	0	0	0	0	0	0	0	0	0	2	0
"190"	0	0	0	0	0	2	8	0	1	0	0	0	0	0	2	2	0	0	0	0	10	0
"191"	0	0	0	0	0	2	7	0	0	0	0	0	0	0	1	1	0	2	0	0	2	0
"192"	0	0	0	0	5	0	6	0	0	0	0	0	0	0	0	0	0	0	0	1	2	0
"193"	0	0	0	0	0	0	6	0	0	0	0	0	0	0	0	0	0	0	0	0	0	0
"194"	2	0	0	0	0	1	3	0	0	0	0	0	2	0	0	3	0	0	0	2	0	0
"195"	8	0	0	0	0	0	6	0	0	0	0	2	2	0	3	2	0	0	0	0	0	0
"196"	4	0	0	0	0	4	10	0	2	0	0	2	2	0	2	0	0	0	0	0	0	0
"197"	3	0	0	0	0	3	5	0	1	0	0	0	6	0	5	1	0	0	0	0	1	0
"198"	2	0	0	0	0	0	8	0	0	0	0	0	4	0	0	0	0	0	0	0	0	0
"199"	1	0	0	0	0	0	8	0	3	0	0	0	0	0	0	4	0	0	0	1	4	0
"200"	0	0	0	0	0	0	5	0	1	0	0	0	0	0	0	0	0	0	0	1	6	0
"201"	4	0	0	0	0	0	9	0	0	0	0	0	1	0	5	2	0	0	0	0	2	0
"202"	0	0	0	0	0	0	5	0	1	0	0	0	0	0	0	0	0	0	0	0	0	0
"203"	6	0	0	0	0	0	4	0	0	0	0	0	0	0	15	0	0	0	0	0	4	0
"204"	0	0	0	0	0	0	5	0	0	0	0	0	2	0	1	0	0	0	0	0	7	0
"205"	0	0	0	0	0	0	8	0	3	0	0	0	2	0	0	0	0	0	0	0	0	0
"206"	3	0	0	0	0	0	6	0	4	0	0	0	11	0	0	0	0	0	0	0	2	0
"207"	0	0	0	0	0	0	3	0	6	0	0	0	0	0	2	0	2	0	0	0	3	0
"208"	5	0	0	0	0	0	6	0	1	0	0	0	0	0	1	1	0	1	0	0	1	0
"209"	0	0	0	0	0	0	6	0	5	0	0	1	7	0	0	0	0	0	0	0	0	0
"210"	2	0	0	0	0	0	7	0	3	0	0	0	0	0	1	1	0	0	0	0	6	0
"211"	0	0	0	0	0	0	4	0	0	0	0	0	0	0	5	0	0	0	0	0	9	0
"212"	5	0	0	0	0	0	14	0	0	0	0	1	0	0	0	0	0	0	0	1	0	0
"213"	4	0	0	0	0	0	7	0	2	0	0	0	2	0	0	1	0	0	0	2	3	0
"214"	1	0	0	0	0	0	2	0	3	0	0	0	4	0	4	0	5	0	0	0	2	0
"215"	2	0	0	0	0	0	2	0	1	0	0	0	8	0	6	0	0	1	0	0	4	0
"216"	0	0	0	0	0	0	3	0	0	0	0	2	2	0	0	0	0	0	0	0	0	0
"217"	0	0	0	0	0	0	5	0	0	0	0	0	0	0	0	0	0	1	0	2	0	0
"218"	0	0	0	0	0	0	7	0	1	0	0	0	2	0	0	0	0	0	0	0	0	0
"219"	5	0	0	0	0	0	6	0	3	0	0	0	0	0	10	0	0	0	0	0	0	0
"220"	0	0	0	0	0	0	3	0	2	0	0	0	0	0	0	0	0	0	0	0	0	0
"221"	3	0	0	0	0	0	3	0	0	0	0	2	2	0	0	0	0	0	0	0	0	0
"222"	1	0	0	0	0	0	3	0	2	0	0	0	0	0	0	0	0	0	0	0	0	0
"223"	5	0	0	0	0	0	3	0	2	0	0	0	0	0	0	0	0	0	0	0	0	0
"224"	3	0	0	0	0	0	3	0	1	0	0	0	0	0	0	0	0	0	0	0	0	0
"225"	2	0	0	0	0	0	0	3	0	0	0	0	0	0	0	0	0	0	0	0	0	0
"226"	0	0	0	0	0	0	4	0	3	0	0	0	0	0	0	0	0	0	0	2	0	0
"227"	0	0	0	0	0	0	7	0	5	0	0	0	1	0	0	0	0	0	0	0	0	0
"228"	1	0	0	0	0	0	1	0	0	0	0	0	0	0	0	0	0	0	0	0	0	0
"229"	1	0	0	0	0	0	0	0	0	0	0	0	0	0	0	0	0	0	0	0	0	0
"230"	2	0	0	0	0	0	1	0	1	0	0	0	0	0	0	0	0	0	0	0	0	0
"231"	1	0	0	0	0	0	0	0	0	0	0	0	0	0	0	0	0	0	0	0	0	0
"232"	2	0	0	0	0	0	4	0	2	0	0	2	0	0	0	0	2	0	0	0	2	0
"233"	2	0	0	0	0	4	6	0	1	0	0	0	0	0	0	0	2	0	0	0	4	0
"234"	2	0	0	0	0	0	6	0	1	0	0	2	0	0	0	0	4	2	0	0	2	0
"235"	3	1	0	0	0	0	4	0	1	0	0	0	0	0	0	0	4	2	0	0	4	0
"236"	1	0	0	2	0	0	2	0	1	0	0	0	0	0	0	0	4	2	2	0	9	0
"237"	5	0	0	6	0	2	8	0	0	0	1	0	0	0	0	0	1	2	0	0	0	2
"238"	5	0	0	2	0	0	2	0	1	2	0	0	0	0	0	0	6	0	0	0	2	0
"239"	3	0	0	2	1	4	10	0	1	1	0	0	0	0	0	0	2	1	0	0	0	0
"240"	5	0	2	2	4	0	6	0	0	0	0	1	0	0	8	0	2	0	0	0	1	0
"241"	1	0	0	0	0	0	4	0	0	3	0	0	0	0	0	0	4	2	0	0	3	2
"242"	0	0	0	2	0	0	0	0	0	4	0	0	0	0	0	0	2	2	0	0	2	0
"243"	1	0	0	0	0	0	4	0	0	2	0	0	0	0	0	0	8	0	0	0	2	0
"244"	1	0	0	0	0	0	4	0	0	0	0	0	0	0	0	0	4	0	0	0	3	0
"245"	0	0	0	0	0	0	6	0	0	2	0	0	0	0	0	0	6	2	0	0	1	0
"246"	0	0	0	0	0	0	6	0	0	0	0	0	0	0	0	0	4	4	0	0	2	0
"247"	0	0	0	0	0	0	0	0	0	0	0	0	0	0	0	0	3	0	0	0	0	0
"248"	0	0	0	0	0	0	0	0	0	0	0	0	0	0	0	0	3	0	0	0	0	0
"249"	1	0	0	0	0	0	0	0	0	0	0	0	0	0	0	0	2	0	0	0	0	0
"250"	0	0	0	0	0	0	0	0	0	0	0	0	0	0	0	0	2	0	0	0	0	0
"251"	0	0	0	0	0	0	0	0	0	0	0	0	0	0	0	0	4	0	0	0	6	2
"252"	1	0	0	0	0	0	0	0	0	0	0	0	0	0	0	0	4	0	0	0	1	2
"253"	0	0	0	0	0	0	6	0	0	1	0	0	0	0	0	0	4	0	0	0	4	0
"254"	0	0	0	0	0	0	6	0	2	1	0	0	0	0	0	0	4	2	1	0	4	0
"255"	0	0	0	0	0	0	6	0	0	2	0	0	0	0	0	0	6	2	0	2	4	0
"256"	0	0	0	0	0	0	6	0	1	0	0	0	0	0	0	0	4	0	0	0	3	0
"257"	0	0	0	0	1	4	4	0	0	0	0	0	0	0	0	0	4	0	1	0	5	0
"258"	0	0	0	0	1	0	4	0	0	0	0	0	0	0	0	0	4	0	0	1	2	0
"259"	0	0	0	0	1	0	4	0	0	0	0	0	0	0	0	0	4	0	0	0	3	0
"260"	0	0	0	0	0	2	4	0	0	1	0	0	0	0	0	0	6	2	0	0	3	0
"261"	0	0	0	0	0	0	4	0	0	0	0	0	0	0	0	0	6	0	0	1	4	1
"262"	0	0	0	0	0	0	2	0	0	1	0	0	0	0	0	0	6	2	0	0	7	0
"263"	0	0	0	0	0	0	4	0	0	1	0	0	0	0	0	0	4	0	0	1	7	0
"264"	0	0	0	0	0	1	2	0	0	1	0	0	0	0	0	0	6	0	0	1	4	0
"265"	0	0	0	0	0	0	4	0	0	1	0	0	0	0	0	0	5	0	0	0	7	0
"266"	0	0	0	0	0	0	0	0	0	1	0	0	0	0	0	0	4	0	0	0	4	0
"267"	0	0	0	0	0	0	0	0	0	0	0	0	0	0	0	0	4	0	0	0	5	0
"268"	0	0	0	0	0	0	2	0	0	0	0	0	0	0	0	0	4	0	0	0	10	3
"269"	0	0	0	0	0	0	2	0	0	0	0	0	0	0	0	0	4	0	0	0	2	0
"270"	5	0	0	0	0	0	7	0	0	0	0	0	0	0	0	0	1	0	0	0	3	0
"271"	3	0	0	0	0	0	1	0	0	0	0	0	0	0	0	0	9	1	0	0	5	0
"272"	3	0	0	0	0	0	1	0	0	0	0	0	0	0	0	0	5	0	0	0	5	0
"273"	0	0	0	0	0	0	0	0	0	0	0	0	0	0	0	0	8	0	0	0	0	0
"274"	4	0	0	0	0	0	0	0	0	0	0	0	0	0	0	0	8	0	0	0	0	0
"275"	9	0	0	0	0	0	1	0	0	0	0	0	0	0	0	0	4	0	0	0	6	0
"276"	2	0	0	0	0	0	0	0	0	0	0	0	0	0	0	0	10	2	0	0	9	0
"277"	5	0	0	0	0	0	0	0	0	0	0	0	0	0	0	0	7	7	0	0	14	0
"278"	1	0	0	0	0	0	0	0	0	0	0	0	0	0	0	0	6	2	0	0	11	0
"279"	1	0	0	0	0	0	0	0	0	0	0	0	0	0	0	0	6	2	0	0	11	0
"280"	0	0	0	0	0	0	0	0	0	0	0	0	0	0	0	0	9	0	0	0	6	0
"281"	2	0	0	0	0	0	0	0	0	0	0	0	0	0	0	0	4	0	1	0	9	0
"282"	1	0	0	8	0	1	6	0	5	0	0	14	0	0	42	0	3	0	0	0	6	0
"283"	9	0	0	2	0	0	9	0	3	0	0	0	0	0	0	0	6	0	0	0	5	0
"284"	11	0	0	6	0	0	21	0	0	0	0	12	0	0	0	0	1	0	0	0	1	0
"285"	9	0	0	2	0	1	7	0	1	0	0	1	0	0	0	0	1	6	0	0	4	0
"286"	20	1	0	8	1	2	5	0	2	0	0	0	0	0	3	0	5	0	0	0	0	0
"287"	19	0	0	2	0	0	5	0	0	0	0	13	0	0	0	0	2	0	0	0	0	0
"288"	7	0	0	2	3	0	57	0	0	0	0	0	0	0	0	0	5	0	0	0	7	0
"289"	10	0	0	2	4	0	15	0	0	0	0	0	0	0	0	0	3	0	0	0	4	0
"290"	7	0	0	0	4	2	4	0	0	0	0	12	0	0	0	0	7	0	0	0	0	0
"291"	0	0	0	2	0	0	7	0	0	0	0	1	0	0	0	0	0	0	0	0	0	0
"292"	0	0	0	0	0	0	3	0	0	0	0	0	0	0	0	0	0	0	0	1	0	0
"293"	2	0	0	0	4	6	16	0	1	0	0	0	0	2	0	0	0	0	0	5	2	0
"294"	1	0	0	0	0	0	5	0	0	0	0	3	0	0	3	0	0	0	0	0	2	0
"295"	1	0	0	0	0	8	20	0	0	0	0	4	0	0	0	0	0	0	0	0	2	0
"296"	2	0	0	0	0	2	0	0	4	0	0	0	0	0	0	0	0	0	0	0	0	0
"297"	1	0	0	0	0	10	7	0	2	0	0	1	0	0	1	0	0	0	0	0	8	0
"298"	0	0	0	0	0	0	4	0	0	0	0	4	0	0	0	0	0	0	0	0	1	0
"299"	4	0	0	0	0	10	4	0	4	0	0	16	0	0	0	0	0	0	0	1	1	0
"300"	6	0	0	2	1	21	5	0	0	0	0	11	0	0	1	0	0	0	0	0	7	0
"301"	4	0	0	0	3	8	34	0	0	0	0	17	0	0	2	0	0	0	0	0	5	0
"302"	3	0	0	0	2	7	25	0	6	0	0	11	0	0	0	0	0	0	0	0	4	0
"303"	7	0	0	0	1	5	57	0	0	0	0	15	0	0	2	0	0	0	0	5	9	0
"304"	0	0	0	0	1	7	13	0	0	0	0	9	0	0	3	0	0	0	0	1	0	0
"305"	0	0	0	0	0	2	0	0	2	0	0	0	0	0	0	0	0	0	0	0	0	0
"306"	1	0	0	0	0	0	1	0	1	0	0	0	0	0	0	0	0	0	0	1	0	0
"307"	0	0	0	0	0	2	2	0	0	0	0	2	0	0	0	0	0	0	0	0	0	0
"308"	1	0	0	0	0	0	1	0	2	0	0	0	0	0	0	0	0	0	0	1	0	0
"309"	1	0	0	0	0	2	1	0	0	0	0	0	0	0	0	0	0	0	0	0	0	0
"310"	0	0	0	0	0	0	1	0	2	0	0	0	0	0	0	0	0	0	0	0	0	0
"311"	1	0	0	0	0	0	2	0	0	0	0	0	0	0	0	0	0	0	0	0	0	0
"312"	1	0	0	0	0	3	2	0	0	0	0	0	0	0	1	2	0	0	0	0	2	0
"313"	0	0	0	0	1	7	2	0	0	0	0	2	0	0	0	0	0	2	0	0	4	0
"314"	0	0	0	0	0	11	2	0	0	0	0	6	0	0	0	0	1	0	0	0	0	0
"315"	2	0	0	0	0	0	3	0	0	2	0	2	0	0	0	0	2	0	0	0	3	2
"316"	0	0	0	0	1	0	2	0	0	1	0	0	0	0	0	0	3	0	0	0	4	4
"317"	0	0	0	0	3	0	2	0	0	2	0	0	0	0	0	0	2	0	0	0	1	4
"318"	0	0	0	0	0	0	2	0	0	2	0	0	0	0	0	0	0	0	0	0	4	3
"319"	0	0	0	0	0	0	2	0	0	4	0	0	0	0	0	0	3	0	0	0	5	0
"320"	0	0	0	0	0	0	0	0	2	2	0	0	0	0	0	0	1	1	0	1	8	0
"321"	0	0	0	0	0	0	2	0	1	0	0	0	0	0	0	0	2	0	0	0	4	0
"322"	0	0	0	0	0	0	1	0	0	3	0	0	0	0	0	0	2	0	0	0	4	2
"323"	0	0	0	0	0	0	0	0	0	2	0	0	0	0	0	0	3	0	0	0	6	3
"324"	0	0	0	0	0	0	0	0	0	3	0	0	0	1	0	0	3	0	0	0	8	2
"325"	0	0	0	0	0	0	2	0	0	3	0	0	0	0	0	0	4	0	0	0	5	0
"326"	0	0	0	0	0	0	0	0	0	3	0	0	0	0	0	0	1	0	0	0	3	1
"327"	0	0	0	0	0	0	0	0	0	5	0	0	0	0	0	0	3	0	0	0	2	0
"328"	0	0	0	0	0	0	0	0	0	2	0	0	0	0	0	0	2	0	0	0	6	0
"329"	0	0	0	0	0	0	4	0	0	0	0	0	0	0	0	0	5	0	0	0	5	0
"330"	0	0	0	0	0	0	2	0	0	4	0	0	0	0	0	0	3	0	0	0	2	0
"331"	0	0	0	0	0	0	0	0	0	3	0	0	0	0	0	0	2	0	0	0	3	1
"332"	0	0	0	0	0	0	6	0	0	2	0	0	0	0	0	0	3	0	2	0	1	3
"333"	0	0	0	0	0	0	2	0	0	2	0	0	0	0	0	0	3	0	0	0	4	0
"334"	0	0	0	0	0	0	0	0	0	3	0	0	0	0	0	0	3	0	0	0	2	1
"335"	0	0	0	0	0	0	0	0	0	3	0	0	0	0	0	0	3	0	0	0	3	0
"336"	0	0	0	0	0	0	0	0	0	3	0	0	0	0	0	0	2	0	0	0	5	2
"337"	0	0	0	0	0	0	0	0	0	2	0	0	0	0	0	0	2	0	0	0	2	0
"338"	0	0	0	0	0	0	0	0	0	2	0	0	0	0	0	0	2	0	0	0	2	3
"339"	0	0	0	0	0	0	0	0	0	2	0	0	0	0	0	0	3	0	0	0	4	2
"340"	0	0	0	0	0	0	0	0	0	1	0	0	0	0	0	0	6	0	0	0	2	3
"341"	0	0	0	0	0	0	0	0	0	2	0	0	0	0	0	0	1	0	0	0	3	0
"342"	0	0	0	0	0	0	0	0	0	3	0	0	0	0	0	0	1	0	0	0	0	4
"343"	0	0	0	0	0	0	0	0	0	1	0	0	0	0	0	0	2	0	0	0	2	0
"344"	0	0	0	0	0	0	0	0	0	3	0	0	0	0	0	0	2	0	0	0	3	0
"345"	0	0	0	0	0	0	0	0	0	0	0	0	0	0	0	0	1	0	0	0	0	0
"346"	0	0	0	0	0	0	0	0	0	0	0	0	0	0	0	0	1	0	0	0	0	0
"347"	0	0	0	0	0	0	0	0	0	0	0	0	0	0	0	0	1	0	0	0	0	0
"348"	0	0	0	0	0	0	0	0	0	0	0	0	0	0	0	0	1	0	0	0	0	0
"349"	0	0	0	0	0	0	0	0	0	0	0	0	0	0	0	0	1	0	0	0	0	0
"350"	0	0	0	0	0	0	0	0	0	0	0	0	0	0	0	0	1	0	0	0	0	0
"351"	0	0	0	0	0	0	0	0	0	0	0	0	0	0	0	0	1	0	0	0	1	0
"352"	0	0	0	0	0	0	0	0	0	0	0	0	0	0	0	0	1	0	0	0	1	0
"353"	0	0	0	0	0	0	0	0	0	0	0	0	0	0	0	0	2	0	0	0	0	0
"354"	0	0	0	0	0	0	0	0	0	0	0	0	0	0	0	0	2	0	0	0	2	0
"355"	0	0	0	0	0	0	0	0	0	0	0	0	0	0	0	0	2	0	0	0	3	0
"356"	0	0	0	0	0	0	0	0	0	0	0	0	0	0	0	0	2	0	0	0	3	0
"357"	0	0	0	0	0	0	0	0	0	0	0	0	0	0	0	0	0	0	0	0	2	0
"358"	0	0	0	0	0	0	0	0	0	2	0	0	0	0	0	0	3	0	0	0	8	0
"359"	0	0	0	0	0	0	0	0	0	1	0	0	0	0	0	0	3	0	0	0	7	0
"360"	0	0	0	0	0	0	5	0	0	0	0	0	0	0	0	0	4	0	0	0	1	0
"361"	0	0	0	0	0	0	0	0	0	0	0	0	0	0	0	0	2	0	3	0	5	0
"362"	0	0	0	0	0	0	1	0	0	1	0	0	0	0	0	0	3	0	1	0	2	3
"363"	0	0	0	0	0	0	2	0	0	0	0	0	0	0	0	0	5	1	0	0	3	0
"364"	0	0	0	0	0	0	4	0	0	0	0	0	0	0	0	0	1	0	0	0	6	0
"365"	0	0	0	0	0	0	2	0	0	2	0	0	0	0	0	0	2	0	2	0	4	0
"366"	0	0	0	0	0	0	1	0	0	2	0	0	0	0	0	0	2	0	0	0	5	0
"367"	0	0	0	0	0	0	3	0	0	0	0	0	0	0	0	0	2	0	0	0	2	0
"368"	0	0	0	0	0	0	0	0	0	0	0	0	0	0	0	0	3	0	2	0	9	0
"369"	0	0	0	0	0	0	0	0	0	1	0	0	0	0	0	0	1	2	1	0	16	0
"370"	0	0	0	0	0	0	0	0	0	2	0	0	0	0	0	0	3	0	2	0	8	0
"371"	0	0	0	0	0	0	0	0	0	2	0	0	0	0	0	0	2	0	0	0	6	0
"372"	0	0	0	0	0	0	0	0	0	0	0	0	0	0	0	0	5	0	1	0	6	0
"373"	0	0	0	0	0	0	1	0	0	0	0	0	0	0	0	0	3	0	0	0	4	3
"374"	0	0	0	0	0	0	2	0	0	0	0	0	0	0	0	0	3	0	0	0	2	0
"375"	0	0	0	0	0	0	1	0	0	0	0	0	0	0	0	0	3	0	0	0	6	0
"376"	0	0	0	0	0	0	1	0	0	1	0	0	0	0	0	0	3	0	1	0	2	2
"377"	0	0	0	0	0	0	0	0	0	1	0	0	0	0	0	0	2	0	1	0	3	0
"378"	0	0	0	0	0	0	0	0	2	0	0	0	0	0	0	0	0	0	0	0	1	0
"379"	0	0	0	0	0	0	2	0	0	0	0	0	0	0	0	0	0	0	0	3	2	0
"380"	0	0	0	0	0	0	1	0	0	0	0	0	0	0	0	0	0	2	0	2	5	0
"381"	0	0	0	0	0	0	2	0	2	0	0	0	0	0	0	0	0	0	0	0	2	0
"382"	0	0	0	0	0	0	4	0	0	0	0	0	0	0	0	0	0	0	0	0	0	0
"383"	0	0	0	0	0	0	4	0	0	0	0	0	0	0	0	0	0	0	0	0	2	0
"384"	0	0	0	0	0	0	4	0	0	0	0	0	0	0	0	0	0	0	0	0	0	0
"385"	0	0	0	0	0	0	2	0	0	0	0	0	0	0	0	0	0	0	0	0	2	0
"386"	0	0	0	0	0	0	2	0	0	0	0	0	0	0	0	0	0	0	0	0	2	0
"387"	0	0	0	0	0	0	3	0	3	0	0	0	0	0	0	0	0	0	0	2	4	0
"388"	0	0	0	0	0	0	3	0	0	0	0	0	0	0	0	0	0	0	0	2	2	0
"389"	0	0	0	0	0	0	8	0	0	0	0	0	0	0	0	0	0	0	0	0	6	0
"390"	0	0	0	0	0	0	2	0	0	0	0	0	0	0	0	0	0	0	0	0	5	0
"391"	1	0	0	0	0	0	4	0	1	0	0	0	0	0	0	0	0	0	0	0	3	0
"392"	0	0	0	0	0	0	3	0	0	0	0	0	0	0	0	0	0	0	0	0	7	0
"393"	0	0	0	0	0	0	3	0	0	0	0	0	0	0	0	0	0	0	0	0	0	0
"394"	0	0	0	0	0	0	3	0	0	0	0	0	0	0	0	0	0	0	0	0	1	0
"395"	0	0	0	0	0	0	2	0	0	0	0	0	0	0	0	0	0	0	0	1	0	0
"396"	0	0	0	0	0	0	3	0	1	0	0	0	0	0	0	0	0	0	0	0	2	0
"397"	0	0	0	0	0	0	4	0	2	0	0	0	0	0	0	0	0	0	0	2	2	0
"398"	0	0	0	0	0	0	2	0	0	0	0	0	0	0	0	0	0	0	0	0	1	0
"399"	0	0	0	0	0	0	2	0	1	0	0	0	0	0	0	0	0	1	0	0	0	0
"400"	0	0	0	0	0	0	2	0	0	0	0	0	0	0	0	0	0	0	0	1	4	0
"401"	0	0	0	0	0	0	2	0	0	0	0	0	0	0	0	0	0	0	0	0	0	0
"402"	0	0	0	0	0	0	3	0	0	0	0	0	0	0	0	0	0	1	0	0	3	0
"403"	0	0	0	0	0	0	4	0	0	0	0	0	0	0	0	0	0	1	0	0	2	0
"404"	0	0	0	0	0	0	2	0	1	0	0	0	0	0	0	0	0	0	0	2	0	0
"405"	0	0	0	0	0	0	4	0	1	0	0	0	0	0	0	0	0	0	0	0	6	0
"406"	0	0	0	0	0	0	2	0	0	0	0	0	0	0	0	0	0	0	0	4	4	0
"407"	0	0	0	0	0	0	2	0	1	0	0	0	0	0	0	0	0	0	0	1	5	0
"408"	0	0	0	0	0	0	3	0	0	0	0	0	0	0	0	0	0	0	0	2	4	0
"409"	0	0	0	0	0	0	1	0	0	0	0	0	0	0	0	0	0	0	0	0	3	0
"410"	0	0	0	0	0	0	2	0	0	0	0	0	0	0	0	0	0	0	0	0	6	0
